read1_read_done.vcd
step rst req/write BVBR address beats pending CVCR DVDR status cancel cancel_status
 1 1 0/0 00 493f27af 24 0 00 00 0020 0 0000
 2 0 1/0 00 00000000  0 0 00 00 0000 1 0000
 3 0 0/0 01 00000000  0 0 00 00 0000 0 0000
 4 0 0/0 01 00000000  0 0 00 00 0000 0 0000
 5 0 0/0 01 00000000  0 0 00 00 0000 0 0000
 6 0 0/0 11 00000ff0  2 0 00 00 0000 0 0000
 7 0 0/0 00 00000ff0  2 1 11 01 0000 0 0000
 8 0 0/0 10 00001000  1 0 10 00 0000 0 0000
 9 0 0/0 11 00001000  1 0 10 00 0000 0 0000
10 0 0/0 01 00001000  1 1 11 01 0000 0 0000
11 0 0/0 11 00001030  3 0 00 01 0000 0 0000
12 0 0/0 01 00001030  3 1 01 01 0000 0 0000
13 0 0/0 01 00001030  3 1 11 01 0000 0 0000
14 0 0/0 11 00001070  3 0 00 00 0000 0 0000
15 0 0/0 00 00001070  3 1 11 00 0000 0 0000
16 0 0/0 11 000010b0  3 0 10 00 0000 0 0000
17 0 0/0 01 000010b0  3 1 11 00 0000 0 0000
18 0 0/0 01 000010b0  3 0 10 10 0000 0 0000
19 0 0/0 00 000010b0  3 0 00 11 0000 0 0000
20 0 1/0 01 000010b0  3 0 10 01 0000 0 0000

read1_write_done.vcd
step rst req/write BVBR address beats pending CVCR DVDR status cancel cancel_status
 1 1 0/0 00 9c14554a 25 0 00 01 8010 0 0000
 2 0 0/1 01 00000000  0 0 00 00 0000 0 0000
 3 0 1/1 01 00000000  0 0 00 01 0000 0 0000
 4 0 0/1 01 00000000  0 0 00 00 0000 0 0000
 5 0 0/0 01 00000000  0 0 10 01 0000 0 0000
 6 0 0/1 01 00000000  0 0 10 01 0000 0 0000
 7 0 0/0 11 00000ff0  2 0 10 00 0000 0 0000
 8 0 0/0 01 00000ff0  2 1 11 00 0000 0 0000
 9 0 0/0 11 00001000  1 0 10 01 0000 0 0000
10 0 0/1 01 00001000  1 1 11 00 0000 0 0000
11 0 0/0 11 00001030  3 0 10 01 0000 0 0000
12 0 0/1 01 00001030  3 1 11 00 0000 0 0000
13 0 0/0 11 00001070  3 0 10 00 0000 0 0000
14 0 0/1 01 00001070  3 1 11 00 0000 0 0000
15 0 0/0 10 000010b0  3 0 10 00 0000 0 0000
16 0 0/0 11 000010b0  3 0 10 00 0000 0 0000
17 0 0/0 01 000010b0  3 1 11 00 0000 0 0000
18 0 0/0 01 000010b0  3 0 00 10 0000 0 0000
19 0 0/0 01 000010b0  3 0 00 11 0000 0 0000
20 0 0/0 01 000010b0  3 0 10 01 0000 0 0000

read4_read_done.vcd
step rst req/write BVBR address beats pending CVCR DVDR status cancel cancel_status
 1 1 0/0 01 70401507 11 0 00 01 0000 0 0000
 2 0 0/0 01 00000000  0 0 00 01 0000 0 0002
 3 0 1/0 00 00000000  0 0 00 00 0000 0 0020
 4 0 0/0 00 00000000  0 0 00 00 0000 0 0000
 5 0 0/0 00 00000000  0 0 00 01 0000 0 0100
 6 0 0/0 01 00000000  0 0 10 01 0000 0 0000
 7 0 0/1 10 00000ff0  2 0 10 01 0000 0 0001
 8 0 0/0 11 00000ff0  2 0 10 01 0000 0 0001
 9 0 0/0 11 00001000  1 1 11 01 0000 0 0001
10 0 0/0 11 00001030  3 1 11 00 0000 0 0001
11 0 0/0 11 00001070  3 1 11 01 0000 0 0001
12 0 0/0 11 000010b0  3 1 11 00 0000 0 0001
13 0 0/0 01 000010b0  3 1 11 00 0000 0 0001
14 0 0/0 01 000010b0  3 0 00 10 0000 0 0001
15 0 0/0 00 000010b0  3 0 10 10 0000 0 0001
16 0 0/0 00 000010b0  3 0 00 10 0000 0 0001
17 0 0/0 01 000010b0  3 0 10 10 0000 0 0001
18 0 0/0 00 000010b0  3 0 00 10 0000 0 0001
19 0 0/0 01 000010b0  3 0 00 11 0000 0 0001
20 0 1/0 00 000010b0  3 0 10 00 0000 0 0001

read4_write_done.vcd
step rst req/write BVBR address beats pending CVCR DVDR status cancel cancel_status
 1 1 0/0 00 b6f99f86 11 0 00 00 0000 0 0000
 2 0 1/1 01 00000000  0 0 00 01 0000 0 0000
 3 0 0/1 01 00000000  0 0 00 01 0000 0 0004
 4 0 0/1 00 00000000  0 0 00 01 0000 0 0000
 5 0 0/1 01 00000000  0 0 10 00 0000 0 0004
 6 0 0/0 11 00000ff0  2 0 10 01 0000 0 0002
 7 0 0/1 01 00000ff0  2 1 11 01 0000 0 0000
 8 0 0/1 11 00001000  1 0 00 00 0000 0 0200
 9 0 0/1 01 00001000  1 1 11 00 0000 0 0000
10 0 0/1 11 00001030  3 0 10 00 0000 0 0000
11 0 0/1 00 00001030  3 1 11 00 0000 0 0080
12 0 0/1 11 00001070  3 0 00 00 0000 0 0080
13 0 0/1 00 00001070  3 1 11 00 0000 0 0001
14 0 0/1 10 000010b0  3 0 00 00 0000 0 0000
15 0 0/1 11 000010b0  3 0 10 00 0000 0 0400
16 0 0/1 00 000010b0  3 1 01 00 0000 0 0000
17 0 0/0 01 000010b0  3 1 11 01 0000 0 0000
18 0 0/1 01 000010b0  3 0 10 10 0000 0 0000
19 0 0/0 00 000010b0  3 0 00 11 0000 0 0000
20 0 1/0 00 000010b0  3 0 10 01 0000 0 0001

read4_credit_four.vcd
step rst req/write BVBR address beats pending CVCR DVDR status cancel cancel_status
 1 1 0/0 00 7147ff87 24 0 00 01 0002 0 0000
 2 0 0/1 01 00000000  0 0 00 01 0000 1 0000
 3 0 1/0 01 00000000  0 0 00 01 0000 0 0002
 4 0 0/0 00 00000000  0 0 00 00 0000 0 0000
 5 0 0/0 01 00000000  0 0 10 01 0000 0 0100
 6 0 0/1 01 00000000  0 0 00 01 0000 0 0000
 7 0 0/1 00 00000ff0  2 0 10 00 0000 1 1000
 8 0 0/1 01 00000ff0  2 0 10 11 1000 0 0001
 9 0 1/0 00 00000ff0  2 0 10 01 1000 0 0001
10 0 0/1 01 00000ff0  2 0 00 00 0000 0 0001
11 0 0/0 00 00000ff0  2 0 00 01 0000 0 0001
12 0 0/1 01 00000ff0  2 0 10 01 0000 0 0001
13 0 0/0 11 00000ff0  2 0 10 01 0000 0 0001
14 0 0/0 11 00001000  1 1 01 00 0000 0 0001
15 0 0/1 11 00001030  3 2 01 00 0000 0 0001
16 0 0/0 10 00001070  3 3 11 01 0000 0 0001
17 0 0/0 11 00001070  3 2 01 01 0000 0 0001
18 0 0/0 11 000010b0  3 3 01 01 0000 0 0001
19 0 0/0 01 000010b0  3 4 11 01 0000 0 0001
20 0 0/0 00 000010b0  3 3 01 01 0000 0 0001

read4_simultaneous.vcd
step rst req/write BVBR address beats pending CVCR DVDR status cancel cancel_status
 1 1 0/0 00 71c6740f 12 0 00 00 0000 0 0000
 2 0 0/0 01 00000000  0 0 00 01 0000 0 0002
 3 0 0/0 01 00000000  0 0 00 01 0000 0 0000
 4 0 0/0 00 00000000  0 0 00 01 0000 0 0001
 5 0 0/0 01 00000000  0 0 00 00 0000 0 0001
 6 0 0/0 01 00000000  0 0 00 01 0000 0 0001
 7 0 1/0 01 00000000  0 0 00 01 0000 0 0001
 8 0 0/0 01 00000000  0 0 00 01 0000 0 0001
 9 0 0/0 01 00000000  0 0 00 01 0000 0 0001
10 0 0/0 01 00000000  0 0 10 01 0000 0 0001
11 0 0/1 11 00000ff0  2 0 00 01 0000 0 0001
12 0 0/1 01 00001000  1 1 11 01 0000 1 1000
13 0 0/0 01 00001000  1 0 10 11 1000 0 0001
14 0 1/0 01 00001000  1 0 10 01 1000 0 0001
15 0 0/0 01 00001000  1 0 10 01 0000 0 0001
16 0 0/0 01 00001000  1 0 00 01 0000 0 0001
17 0 0/1 00 00001000  1 0 00 00 0000 0 0001
18 0 0/0 11 00000ff0  2 0 10 01 0000 0 0001
19 0 0/0 11 00001000  1 1 11 01 0000 0 0001
20 0 0/0 11 00001030  3 1 11 01 0000 0 0001

read4_cancelled_drain.vcd
step rst req/write BVBR address beats pending CVCR DVDR status cancel cancel_status
 1 1 0/0 01 5fffff87 24 0 00 00 0000 0 0000
 2 0 0/0 01 00000000  0 0 00 01 0000 0 0100
 3 0 0/0 00 00000000  0 0 00 01 0000 0 0000
 4 0 0/0 00 00000000  0 0 00 01 0000 1 0004
 5 0 0/0 01 00000000  0 0 00 01 0000 0 0001
 6 0 1/0 01 00000000  0 0 00 00 0000 0 0000
 7 0 0/0 01 00000000  0 0 00 01 0000 0 0001
 8 0 0/1 01 00000000  0 0 00 01 0000 0 0001
 9 0 0/1 00 00000000  0 0 00 01 0000 0 0001
10 0 0/1 01 00000ff0  2 0 10 01 0000 1 2000
11 0 0/1 01 00000ff0  2 0 10 11 2000 0 0001
12 0 1/0 01 00000ff0  2 0 10 01 2000 0 0001
13 0 0/0 00 00000ff0  2 0 00 01 0000 0 0001
14 0 0/0 01 00000ff0  2 0 00 00 0000 0 0001
15 0 0/0 01 00000ff0  2 0 00 00 0000 0 0001
16 0 0/0 11 00000ff0  2 0 00 00 0000 0 0001
17 0 0/0 01 00001000  1 1 01 01 0000 1 8000
18 0 0/0 01 00001000  1 1 11 01 8000 0 0001
19 0 0/0 01 00001000  1 0 10 11 8000 0 0001
20 0 1/0 00 00001000  1 0 10 01 8000 0 0001
